11194.8 700.661 -160 160 11475 855 0 0 0 8000 0 855 655 11475 11275
11194.8 700.661 -160 160 11475 855 0 0 0 8000 0 855 655 11475 11275
11194.8 700.661 -160 160 11475 855 0 0 0 8000 0 855 655 11475 11275
11194.8 700.661 -160 160 11475 855 0 0 0 8000 0 855 655 11475 11275
11194.8 700.661 -160 160 11475 855 0 0 0 8000 0 855 655 11475 11275
10539.8 733.607 -160 -160 11475 855 0 0 0 8000 0 855 655 11475 11275
10539.8 733.607 -160 -160 11475 855 0 0 0 8000 0 855 655 11475 11275
10539.8 733.607 -160 -160 11475 855 0 0 0 8000 0 855 655 11475 11275
11295.1 678.219 -160 -160 11475 855 0 0 0 8000 0 855 655 11475 11275
11295.1 678.219 -160 -160 11475 855 0 0 0 8000 0 855 655 11475 11275
11295.1 678.219 -160 -160 11475 855 0 0 0 8000 0 855 655 11475 11275
11295.1 678.219 -160 -160 11475 855 0 0 0 8000 0 855 655 11475 11275
11295.1 678.219 -160 -160 11475 855 0 0 0 8000 0 855 655 11475 11275
11295.1 678.219 -160 -160 11475 855 0 0 0 8000 0 855 655 11475 11275
11295.1 678.219 -160 -160 11475 855 0 0 0 8000 0 855 655 11475 11275
11295.1 678.219 -160 -160 11475 855 0 0 0 8000 0 855 655 11475 11275
