9450 810
10575 810
11475 810
9225 855
10125 855
11025 855
11925 855
12825 855
1800 1080
2250 1080
3375 1080
4500 1080
9450 810
10575 810
11475 810
9225 855
10125 855
11025 855
11925 855
12825 855
1800 1080
2250 1080
3375 1080
4500 1080
9450 810
10575 810
11475 810
9225 855
10125 855
11025 855
11925 855
12825 855
1800 1080
2250 1080
3375 1080
4500 1080
9450 810
10575 810
11475 810
9225 855
10125 855
11025 855
11925 855
12825 855
1800 1080
2250 1080
3375 1080
4500 1080
9450 810
10575 810
11475 810
9225 855
10125 855
11025 855
11925 855
12825 855
1800 1080
2250 1080
3375 1080
4500 1080
9450 810
10575 810
11475 810
9225 855
10125 855
11025 855
11925 855
12825 855
1800 1080
2250 1080
3375 1080
4500 1080
9450 810
11475 810
9225 855
10125 855
11025 855
11925 855
12825 855
1800 1080
2250 1080
3375 1080
4500 1080
4950 765
5400 765
5850 765
2475 900
3600 900
6525 1080
4950 765
5400 765
5850 765
2475 900
3600 900
6525 1080
4950 765
5400 765
5850 765
2475 900
3600 900
6525 1080
4950 765
5400 765
5850 765
2475 900
3600 900
6525 1080
4950 765
5400 765
5850 765
2475 900
3600 900
6525 1080
4950 765
5400 765
5850 765
2475 900
3600 900
6525 1080
4950 765
5400 765
5850 765
2475 900
3600 900
6525 1080
4950 765
5400 765
5850 765
2475 900
3600 900
6525 1080
4950 765
5400 765
5850 765
2475 900
3600 900
6525 1080
4950 765
5400 765
5850 765
2475 900
3600 900
6525 1080
4950 765
5400 765
5850 765
2475 900
3600 900
6525 1080
4950 765
5400 765
5850 765
2475 900
3600 900
6525 1080
4950 765
5400 765
5850 765
2475 900
3600 900
6525 1080
4950 765
5400 765
5850 765
2475 900
3600 900
6525 1080
4950 765
5400 765
5850 765
2475 900
3600 900
6525 1080
4950 765
5400 765
5850 765
2475 900
3600 900
6525 1080
