7200 672.5 0 0 1000 0
8100 672.5 0 0 1000 0
5175 807.5 0 0 1000 0
5850 807.5 0 0 1000 0
3600 897.5 0 0 1000 0
7200 672.5 0 0 1000 0
8100 672.5 0 0 1000 0
5175 807.5 0 0 1000 0
5850 807.5 0 0 1000 0
3600 897.5 0 0 1000 0
7200 672.5 0 0 1000 0
8100 672.5 0 0 1000 0
5175 807.5 0 0 1000 0
5850 807.5 0 0 1000 0
3600 897.5 0 0 1000 0
7200 672.5 0 0 1000 0
8100 672.5 0 0 1000 0
5175 807.5 0 0 1000 0
5850 807.5 0 0 1000 0
3600 897.5 0 0 1000 0
7200 672.5 0 0 1000 0
8100 672.5 0 0 1000 0
5175 807.5 0 0 1000 0
5850 807.5 0 0 1000 0
3600 897.5 0 0 1000 0
7200 672.5 0 0 1000 0
8100 672.5 0 0 1000 0
5175 807.5 0 0 1000 0
5850 807.5 0 0 1000 0
3600 897.5 0 0 1000 0
7200 672.5 0 0 1000 0
8100 672.5 0 0 1000 0
5175 807.5 0 0 1000 0
5850 807.5 0 0 1000 0
3600 897.5 0 0 1000 0
1125 582.5 0 0 1000 0
2925 717.5 0 0 1000 0
1125 582.5 0 0 1000 0
2925 717.5 0 0 1000 0
1125 582.5 0 0 1000 0
2925 717.5 0 0 1000 0
1125 582.5 0 0 1000 0
2925 717.5 0 0 1000 0
1125 582.5 0 0 1000 0
2925 717.5 0 0 1000 0
1125 582.5 0 0 1000 0
2925 717.5 0 0 1000 0
1125 582.5 0 0 1000 0
2925 717.5 0 0 1000 0
1125 582.5 0 0 1000 0
2925 717.5 0 0 1000 0
1125 582.5 0 0 1000 0
2925 717.5 0 0 1000 0
1125 582.5 0 0 1000 0
2925 717.5 0 0 1000 0
1125 582.5 0 0 1000 0
2925 717.5 0 0 1000 0
1125 582.5 0 0 1000 0
2925 717.5 0 0 1000 0
1125 582.5 0 0 1000 0
2925 717.5 0 0 1000 0
