9450 440.502 0 -100 9450 585 0 0 0 1200 0 585 385
14400 440.502 0 -100 14400 585 0 0 0 1200 0 585 385
15300 440.502 0 -100 15300 585 0 0 0 1200 0 585 385
9450 440.502 0 -100 9450 585 0 0 0 1200 0 585 385
14400 440.502 0 -100 14400 585 0 0 0 1200 0 585 385
15300 440.502 0 -100 15300 585 0 0 0 1200 0 585 385
9450 440.502 0 -100 9450 585 0 0 0 1200 0 585 385
14400 440.502 0 -100 14400 585 0 0 0 1200 0 585 385
15300 440.502 0 -100 15300 585 0 0 0 1200 0 585 385
9450 440.502 0 -100 9450 585 0 0 0 1200 0 585 385
14400 440.502 0 -100 14400 585 0 0 0 1200 0 585 385
15300 440.502 0 -100 15300 585 0 0 0 1200 0 585 385
9450 440.502 0 -100 9450 585 0 0 0 1200 0 585 385
14400 440.502 0 -100 14400 585 0 0 0 1200 0 585 385
15300 440.502 0 -100 15300 585 0 0 0 1200 0 585 385
9450 440.502 0 -100 9450 585 0 0 0 1200 0 585 385
14400 440.502 0 -100 14400 585 0 0 0 1200 0 585 385
15300 440.502 0 -100 15300 585 0 0 0 1200 0 585 385
13725 442.24 0 -100 13725 585 0 0 0 1200 0 585 385
11025 487.24 0 -100 11025 630 0 0 0 1200 0 630 430
4500 339.853 0 -100 4500 495 0 0 0 1200 0 495 295
6075 339.853 0 -100 6075 495 0 0 0 1200 0 495 295
3825 429.853 0 -100 3825 585 0 0 0 1200 0 585 385
3150 795 0 0 3150 810 0 0 0 1200 0 810 610
4500 339.853 0 -100 4500 495 0 0 0 1200 0 495 295
6075 339.853 0 -100 6075 495 0 0 0 1200 0 495 295
3825 429.853 0 -100 3825 585 0 0 0 1200 0 585 385
3150 795 0 0 3150 810 0 0 0 1200 0 810 610
4500 339.853 0 -100 4500 495 0 0 0 1200 0 495 295
6075 339.853 0 -100 6075 495 0 0 0 1200 0 495 295
3825 429.853 0 -100 3825 585 0 0 0 1200 0 585 385
3150 795 0 0 3150 810 0 0 0 1200 0 810 610
4500 339.853 0 -100 4500 495 0 0 0 1200 0 495 295
6075 339.853 0 -100 6075 495 0 0 0 1200 0 495 295
3825 429.853 0 -100 3825 585 0 0 0 1200 0 585 385
3150 795 0 0 3150 810 0 0 0 1200 0 810 610
4500 339.853 0 -100 4500 495 0 0 0 1200 0 495 295
6075 339.853 0 -100 6075 495 0 0 0 1200 0 495 295
3825 429.853 0 -100 3825 585 0 0 0 1200 0 585 385
3150 795 0 0 3150 810 0 0 0 1200 0 810 610
4500 315.236 0 -100 4500 495 0 0 0 1200 0 495 295
6075 315.236 0 -100 6075 495 0 0 0 1200 0 495 295
1800 405.236 0 -100 1638.61 468.201 -452.831 212 1 1200 0 585 385
3825 405.236 0 -100 3825 585 0 0 0 1200 0 585 385
3150 795 0 0 3150 810 0 0 0 1200 0 810 610
4500 315.236 0 -100 4500 495 0 0 0 1200 0 495 295
6075 315.236 0 -100 6075 495 0 0 0 1200 0 495 295
1800 405.236 0 -100 1638.61 468.201 -452.831 212 1 1200 0 585 385
3825 405.236 0 -100 3825 585 0 0 0 1200 0 585 385
3150 795 0 0 3150 810 0 0 0 1200 0 810 610
4500 315.236 0 -100 4500 495 0 0 0 1200 0 495 295
6075 315.236 0 -100 6075 495 0 0 0 1200 0 495 295
1800 405.236 0 -100 1638.61 468.201 -452.831 212 1 1200 0 585 385
3825 405.236 0 -100 3825 585 0 0 0 1200 0 585 385
3150 795 0 0 3150 810 0 0 0 1200 0 810 610
4500 384.512 0 -100 4500 495 0 0 0 1200 0 495 295
6075 384.512 0 -100 6075 495 0 0 0 1200 0 495 295
3150 795 0 0 3150 810 0 0 0 1200 0 810 610
4500 384.512 0 -100 4500 495 0 0 0 1200 0 495 295
6075 384.512 0 -100 6075 495 0 0 0 1200 0 495 295
3150 795 0 0 3150 810 0 0 0 1200 0 810 610
4500 384.512 0 -100 4500 495 0 0 0 1200 0 495 295
6075 384.512 0 -100 6075 495 0 0 0 1200 0 495 295
3150 795 0 0 3150 810 0 0 0 1200 0 810 610
4500 384.512 0 -100 4500 495 0 0 0 1200 0 495 295
6075 384.512 0 -100 6075 495 0 0 0 1200 0 495 295
3150 795 0 0 3150 810 0 0 0 1200 0 810 610
4500 384.512 0 -100 4500 495 0 0 0 1200 0 495 295
6075 384.512 0 -100 6075 495 0 0 0 1200 0 495 295
3150 795 0 0 3150 810 0 0 0 1200 0 810 610
4500 384.512 0 -100 4500 495 0 0 0 1200 0 495 295
6075 384.512 0 -100 6075 495 0 0 0 1200 0 495 295
3150 795 0 0 3150 810 0 0 0 1200 0 810 610
4500 384.512 0 -100 4500 495 0 0 0 1200 0 495 295
6075 384.512 0 -100 6075 495 0 0 0 1200 0 495 295
3150 795 0 0 3150 810 0 0 0 1200 0 810 610
4500 384.512 0 -100 4500 495 0 0 0 1200 0 495 295
6075 384.512 0 -100 6075 495 0 0 0 1200 0 495 295
3150 795 0 0 3150 810 0 0 0 1200 0 810 610
