90 45 1 1
17235 45 0 1
90 90 1 1
17235 90 0 1
90 135 1 1
17235 135 0 1
90 180 1 1
17235 180 0 1
90 225 1 1
17235 225 0 1
90 270 1 1
17235 270 0 1
90 315 1 1
17235 315 0 1
90 360 1 1
17235 360 0 1
90 405 1 1
17235 405 0 1
90 450 1 1
17235 450 0 1
90 495 1 1
17235 495 0 1
90 540 1 1
17235 540 0 1
90 585 1 1
17235 585 0 1
90 630 1 1
17235 630 0 1
90 675 1 1
17235 675 0 1
90 720 1 1
17235 720 0 1
90 765 1 1
12285 765 0 1
12690 765 1 1
12960 765 0 1
13365 765 1 1
17235 765 0 1
90 810 1 1
12285 810 0 1
12690 810 1 1
12960 810 0 1
13365 810 1 1
17235 810 0 1
90 855 1 1
90 900 1 1
6660 900 0 1
990 945 1 1
6660 945 0 1
990 990 1 1
6660 990 0 1
990 1035 1 1
4635 1035 0 1
990 1080 1 1
4635 1080 0 1
4635 1125 0 1
90 45 1 1
17235 45 0 1
90 90 1 1
17235 90 0 1
90 135 1 1
17235 135 0 1
90 180 1 1
17235 180 0 1
90 225 1 1
17235 225 0 1
90 270 1 1
17235 270 0 1
90 315 1 1
17235 315 0 1
90 360 1 1
17235 360 0 1
90 405 1 1
17235 405 0 1
90 450 1 1
17235 450 0 1
90 495 1 1
17235 495 0 1
90 540 1 1
17235 540 0 1
90 585 1 1
17235 585 0 1
90 630 1 1
17235 630 0 1
90 675 1 1
17235 675 0 1
90 720 1 1
17235 720 0 1
90 765 1 1
12285 765 0 1
12690 765 1 1
12960 765 0 1
13365 765 1 1
17235 765 0 1
90 810 1 1
12285 810 0 1
12690 810 1 1
12960 810 0 1
13365 810 1 1
17235 810 0 1
90 855 1 1
90 900 1 1
6660 900 0 1
990 945 1 1
6660 945 0 1
990 990 1 1
6660 990 0 1
990 1035 1 1
4635 1035 0 1
990 1080 1 1
4635 1080 0 1
4635 1125 0 1
90 45 1 1
17235 45 0 1
90 90 1 1
17235 90 0 1
90 135 1 1
17235 135 0 1
90 180 1 1
17235 180 0 1
90 225 1 1
17235 225 0 1
90 270 1 1
17235 270 0 1
90 315 1 1
17235 315 0 1
90 360 1 1
17235 360 0 1
90 405 1 1
17235 405 0 1
90 450 1 1
17235 450 0 1
90 495 1 1
17235 495 0 1
90 540 1 1
17235 540 0 1
90 585 1 1
17235 585 0 1
90 630 1 1
17235 630 0 1
90 675 1 1
17235 675 0 1
90 720 1 1
17235 720 0 1
90 765 1 1
12285 765 0 1
12690 765 1 1
12960 765 0 1
13365 765 1 1
17235 765 0 1
90 810 1 1
12285 810 0 1
12690 810 1 1
12960 810 0 1
13365 810 1 1
17235 810 0 1
90 855 1 1
90 900 1 1
6660 900 0 1
990 945 1 1
6660 945 0 1
990 990 1 1
6660 990 0 1
990 1035 1 1
4635 1035 0 1
990 1080 1 1
4635 1080 0 1
4635 1125 0 1
90 45 1 1
17235 45 0 1
90 90 1 1
17235 90 0 1
90 135 1 1
17235 135 0 1
90 180 1 1
17235 180 0 1
90 225 1 1
17235 225 0 1
90 270 1 1
17235 270 0 1
90 315 1 1
17235 315 0 1
90 360 1 1
17235 360 0 1
90 405 1 1
17235 405 0 1
90 450 1 1
17235 450 0 1
90 495 1 1
17235 495 0 1
90 540 1 1
17235 540 0 1
90 585 1 1
17235 585 0 1
90 630 1 1
17235 630 0 1
90 675 1 1
17235 675 0 1
90 720 1 1
17235 720 0 1
90 765 1 1
12285 765 0 1
12690 765 1 1
12960 765 0 1
13365 765 1 1
17235 765 0 1
90 810 1 1
12285 810 0 1
12690 810 1 1
12960 810 0 1
13365 810 1 1
17235 810 0 1
90 855 1 1
90 900 1 1
6660 900 0 1
990 945 1 1
6660 945 0 1
990 990 1 1
6660 990 0 1
990 1035 1 1
4635 1035 0 1
990 1080 1 1
4635 1080 0 1
4635 1125 0 1
90 45 1 1
17235 45 0 1
90 90 1 1
17235 90 0 1
90 135 1 1
17235 135 0 1
90 180 1 1
17235 180 0 1
90 225 1 1
17235 225 0 1
90 270 1 1
17235 270 0 1
90 315 1 1
17235 315 0 1
90 360 1 1
17235 360 0 1
90 405 1 1
17235 405 0 1
90 450 1 1
17235 450 0 1
90 495 1 1
17235 495 0 1
90 540 1 1
17235 540 0 1
90 585 1 1
17235 585 0 1
90 630 1 1
17235 630 0 1
90 675 1 1
17235 675 0 1
90 720 1 1
17235 720 0 1
90 765 1 1
12285 765 0 1
12690 765 1 1
12960 765 0 1
13365 765 1 1
17235 765 0 1
90 810 1 1
12285 810 0 1
12690 810 1 1
12960 810 0 1
13365 810 1 1
17235 810 0 1
90 855 1 1
90 900 1 1
6660 900 0 1
990 945 1 1
6660 945 0 1
990 990 1 1
6660 990 0 1
990 1035 1 1
4635 1035 0 1
990 1080 1 1
4635 1080 0 1
4635 1125 0 1
90 45 1 1
17235 45 0 1
90 90 1 1
17235 90 0 1
90 135 1 1
17235 135 0 1
90 180 1 1
17235 180 0 1
90 225 1 1
17235 225 0 1
90 270 1 1
17235 270 0 1
90 315 1 1
17235 315 0 1
90 360 1 1
17235 360 0 1
90 405 1 1
17235 405 0 1
90 450 1 1
17235 450 0 1
90 495 1 1
17235 495 0 1
90 540 1 1
17235 540 0 1
90 585 1 1
17235 585 0 1
90 630 1 1
17235 630 0 1
90 675 1 1
17235 675 0 1
90 720 1 1
17235 720 0 1
90 765 1 1
12285 765 0 1
12690 765 1 1
12960 765 0 1
13365 765 1 1
17235 765 0 1
90 810 1 1
12285 810 0 1
12690 810 1 1
12960 810 0 1
13365 810 1 1
17235 810 0 1
90 855 1 1
90 900 1 1
6660 900 0 1
990 945 1 1
6660 945 0 1
990 990 1 1
6660 990 0 1
990 1035 1 1
4635 1035 0 1
990 1080 1 1
4635 1080 0 1
4635 1125 0 1
90 45 1 1
17235 45 0 1
90 90 1 1
17235 90 0 1
90 135 1 1
17235 135 0 1
90 180 1 1
17235 180 0 1
90 225 1 1
17235 225 0 1
90 270 1 1
17235 270 0 1
90 315 1 1
17235 315 0 1
90 360 1 1
17235 360 0 1
90 405 1 1
17235 405 0 1
90 450 1 1
17235 450 0 1
90 495 1 1
17235 495 0 1
90 540 1 1
17235 540 0 1
90 585 1 1
17235 585 0 1
90 630 1 1
17235 630 0 1
90 675 1 1
17235 675 0 1
90 720 1 1
17235 720 0 1
90 765 1 1
12285 765 0 1
12690 765 1 1
12960 765 0 1
13365 765 1 1
17235 765 0 1
90 810 1 1
12285 810 0 1
12690 810 1 1
12960 810 0 1
13365 810 1 1
17235 810 0 1
90 855 1 1
90 900 1 1
6660 900 0 1
990 945 1 1
6660 945 0 1
990 990 1 1
6660 990 0 1
990 1035 1 1
4635 1035 0 1
990 1080 1 1
4635 1080 0 1
4635 1125 0 1
90 45 1 2
11610 45 0 2
90 90 1 2
11610 90 0 2
90 135 1 2
11610 135 0 2
90 180 1 2
11610 180 0 2
90 225 1 2
11610 225 0 2
90 270 1 2
11610 270 0 2
90 315 1 2
11610 315 0 2
90 360 1 2
11610 360 0 2
90 405 1 2
11610 405 0 2
90 450 1 2
11610 450 0 2
90 495 1 2
11610 495 0 2
90 540 1 2
11610 540 0 2
90 585 1 2
11610 585 0 2
90 630 1 2
11610 630 0 2
765 675 1 2
11610 675 0 2
765 720 1 2
11610 720 0 2
765 765 1 2
11610 765 0 2
1440 810 1 2
4185 810 0 2
6390 810 1 2
6660 810 0 2
7740 810 1 2
11610 810 0 2
1440 855 1 2
4185 855 0 2
6390 855 1 2
6660 855 0 2
7740 855 1 2
11610 855 0 2
1440 900 1 2
4185 900 0 2
6390 900 1 2
6660 900 0 2
7740 900 1 2
11610 900 0 2
6390 945 1 2
6660 945 0 2
7740 945 1 2
11610 945 0 2
6390 990 1 2
6660 990 0 2
7740 990 1 2
11610 990 0 2
6390 1035 1 2
6660 1035 0 2
7740 1035 1 2
11610 1035 0 2
6390 1080 1 2
6660 1080 0 2
7740 1080 1 2
11610 1080 0 2
6390 1125 1 2
6660 1125 0 2
7740 1125 1 2
11610 1125 0 2
90 45 1 2
11610 45 0 2
90 90 1 2
11610 90 0 2
90 135 1 2
11610 135 0 2
90 180 1 2
11610 180 0 2
90 225 1 2
11610 225 0 2
90 270 1 2
11610 270 0 2
90 315 1 2
11610 315 0 2
90 360 1 2
11610 360 0 2
90 405 1 2
11610 405 0 2
90 450 1 2
11610 450 0 2
90 495 1 2
11610 495 0 2
90 540 1 2
11610 540 0 2
90 585 1 2
11610 585 0 2
90 630 1 2
11610 630 0 2
765 675 1 2
11610 675 0 2
765 720 1 2
11610 720 0 2
765 765 1 2
11610 765 0 2
1440 810 1 2
4185 810 0 2
6390 810 1 2
6660 810 0 2
7740 810 1 2
11610 810 0 2
1440 855 1 2
4185 855 0 2
6390 855 1 2
6660 855 0 2
7740 855 1 2
11610 855 0 2
1440 900 1 2
4185 900 0 2
6390 900 1 2
6660 900 0 2
7740 900 1 2
11610 900 0 2
6390 945 1 2
6660 945 0 2
7740 945 1 2
11610 945 0 2
6390 990 1 2
6660 990 0 2
7740 990 1 2
11610 990 0 2
6390 1035 1 2
6660 1035 0 2
7740 1035 1 2
11610 1035 0 2
6390 1080 1 2
6660 1080 0 2
7740 1080 1 2
11610 1080 0 2
6390 1125 1 2
6660 1125 0 2
7740 1125 1 2
11610 1125 0 2
90 45 1 2
11610 45 0 2
90 90 1 2
11610 90 0 2
90 135 1 2
11610 135 0 2
90 180 1 2
11610 180 0 2
90 225 1 2
11610 225 0 2
90 270 1 2
11610 270 0 2
90 315 1 2
11610 315 0 2
90 360 1 2
11610 360 0 2
90 405 1 2
11610 405 0 2
90 450 1 2
11610 450 0 2
90 495 1 2
11610 495 0 2
90 540 1 2
11610 540 0 2
90 585 1 2
11610 585 0 2
90 630 1 2
11610 630 0 2
765 675 1 2
11610 675 0 2
765 720 1 2
11610 720 0 2
765 765 1 2
11610 765 0 2
1440 810 1 2
4185 810 0 2
6390 810 1 2
6660 810 0 2
7740 810 1 2
11610 810 0 2
1440 855 1 2
4185 855 0 2
6390 855 1 2
6660 855 0 2
7740 855 1 2
11610 855 0 2
1440 900 1 2
4185 900 0 2
6390 900 1 2
6660 900 0 2
7740 900 1 2
11610 900 0 2
6390 945 1 2
6660 945 0 2
7740 945 1 2
11610 945 0 2
6390 990 1 2
6660 990 0 2
7740 990 1 2
11610 990 0 2
6390 1035 1 2
6660 1035 0 2
7740 1035 1 2
11610 1035 0 2
6390 1080 1 2
6660 1080 0 2
7740 1080 1 2
11610 1080 0 2
6390 1125 1 2
6660 1125 0 2
7740 1125 1 2
11610 1125 0 2
90 45 1 2
11610 45 0 2
90 90 1 2
11610 90 0 2
90 135 1 2
11610 135 0 2
90 180 1 2
11610 180 0 2
90 225 1 2
11610 225 0 2
90 270 1 2
11610 270 0 2
90 315 1 2
11610 315 0 2
90 360 1 2
11610 360 0 2
90 405 1 2
11610 405 0 2
90 450 1 2
11610 450 0 2
90 495 1 2
11610 495 0 2
90 540 1 2
11610 540 0 2
90 585 1 2
11610 585 0 2
90 630 1 2
11610 630 0 2
765 675 1 2
11610 675 0 2
765 720 1 2
11610 720 0 2
765 765 1 2
11610 765 0 2
1440 810 1 2
4185 810 0 2
6390 810 1 2
6660 810 0 2
7740 810 1 2
11610 810 0 2
1440 855 1 2
4185 855 0 2
6390 855 1 2
6660 855 0 2
7740 855 1 2
11610 855 0 2
1440 900 1 2
4185 900 0 2
6390 900 1 2
6660 900 0 2
7740 900 1 2
11610 900 0 2
6390 945 1 2
6660 945 0 2
7740 945 1 2
11610 945 0 2
6390 990 1 2
6660 990 0 2
7740 990 1 2
11610 990 0 2
6390 1035 1 2
6660 1035 0 2
7740 1035 1 2
11610 1035 0 2
6390 1080 1 2
6660 1080 0 2
7740 1080 1 2
11610 1080 0 2
6390 1125 1 2
6660 1125 0 2
7740 1125 1 2
11610 1125 0 2
90 45 1 2
11610 45 0 2
90 90 1 2
11610 90 0 2
90 135 1 2
11610 135 0 2
90 180 1 2
11610 180 0 2
90 225 1 2
11610 225 0 2
90 270 1 2
11610 270 0 2
90 315 1 2
11610 315 0 2
90 360 1 2
11610 360 0 2
90 405 1 2
11610 405 0 2
90 450 1 2
11610 450 0 2
90 495 1 2
11610 495 0 2
90 540 1 2
11610 540 0 2
90 585 1 2
11610 585 0 2
90 630 1 2
11610 630 0 2
765 675 1 2
11610 675 0 2
765 720 1 2
11610 720 0 2
765 765 1 2
11610 765 0 2
1440 810 1 2
4185 810 0 2
6390 810 1 2
6660 810 0 2
7740 810 1 2
11610 810 0 2
1440 855 1 2
4185 855 0 2
6390 855 1 2
6660 855 0 2
7740 855 1 2
11610 855 0 2
1440 900 1 2
4185 900 0 2
6390 900 1 2
6660 900 0 2
7740 900 1 2
11610 900 0 2
6390 945 1 2
6660 945 0 2
7740 945 1 2
11610 945 0 2
6390 990 1 2
6660 990 0 2
7740 990 1 2
11610 990 0 2
6390 1035 1 2
6660 1035 0 2
7740 1035 1 2
11610 1035 0 2
6390 1080 1 2
6660 1080 0 2
7740 1080 1 2
11610 1080 0 2
6390 1125 1 2
6660 1125 0 2
7740 1125 1 2
11610 1125 0 2
90 45 1 2
11610 45 0 2
90 90 1 2
11610 90 0 2
90 135 1 2
11610 135 0 2
90 180 1 2
11610 180 0 2
90 225 1 2
11610 225 0 2
90 270 1 2
11610 270 0 2
90 315 1 2
11610 315 0 2
90 360 1 2
11610 360 0 2
90 405 1 2
11610 405 0 2
90 450 1 2
11610 450 0 2
90 495 1 2
11610 495 0 2
90 540 1 2
11610 540 0 2
90 585 1 2
11610 585 0 2
90 630 1 2
11610 630 0 2
765 675 1 2
11610 675 0 2
765 720 1 2
11610 720 0 2
765 765 1 2
11610 765 0 2
1440 810 1 2
4185 810 0 2
6390 810 1 2
6660 810 0 2
7740 810 1 2
11610 810 0 2
1440 855 1 2
4185 855 0 2
6390 855 1 2
6660 855 0 2
7740 855 1 2
11610 855 0 2
1440 900 1 2
4185 900 0 2
6390 900 1 2
6660 900 0 2
7740 900 1 2
11610 900 0 2
6390 945 1 2
6660 945 0 2
7740 945 1 2
11610 945 0 2
6390 990 1 2
6660 990 0 2
7740 990 1 2
11610 990 0 2
6390 1035 1 2
6660 1035 0 2
7740 1035 1 2
11610 1035 0 2
6390 1080 1 2
6660 1080 0 2
7740 1080 1 2
11610 1080 0 2
6390 1125 1 2
6660 1125 0 2
7740 1125 1 2
11610 1125 0 2
90 45 1 2
11610 45 0 2
90 90 1 2
11610 90 0 2
90 135 1 2
11610 135 0 2
90 180 1 2
11610 180 0 2
90 225 1 2
11610 225 0 2
90 270 1 2
11610 270 0 2
90 315 1 2
11610 315 0 2
90 360 1 2
11610 360 0 2
90 405 1 2
11610 405 0 2
90 450 1 2
11610 450 0 2
90 495 1 2
11610 495 0 2
90 540 1 2
11610 540 0 2
90 585 1 2
11610 585 0 2
90 630 1 2
11610 630 0 2
765 675 1 2
11610 675 0 2
765 720 1 2
11610 720 0 2
765 765 1 2
11610 765 0 2
1440 810 1 2
4185 810 0 2
6390 810 1 2
6660 810 0 2
7740 810 1 2
11610 810 0 2
1440 855 1 2
4185 855 0 2
6390 855 1 2
6660 855 0 2
7740 855 1 2
11610 855 0 2
1440 900 1 2
4185 900 0 2
6390 900 1 2
6660 900 0 2
7740 900 1 2
11610 900 0 2
6390 945 1 2
6660 945 0 2
7740 945 1 2
11610 945 0 2
6390 990 1 2
6660 990 0 2
7740 990 1 2
11610 990 0 2
6390 1035 1 2
6660 1035 0 2
7740 1035 1 2
11610 1035 0 2
6390 1080 1 2
6660 1080 0 2
7740 1080 1 2
11610 1080 0 2
6390 1125 1 2
6660 1125 0 2
7740 1125 1 2
11610 1125 0 2
90 45 1 2
11610 45 0 2
90 90 1 2
11610 90 0 2
90 135 1 2
11610 135 0 2
90 180 1 2
11610 180 0 2
90 225 1 2
11610 225 0 2
90 270 1 2
11610 270 0 2
90 315 1 2
11610 315 0 2
90 360 1 2
11610 360 0 2
90 405 1 2
11610 405 0 2
90 450 1 2
11610 450 0 2
90 495 1 2
11610 495 0 2
90 540 1 2
11610 540 0 2
90 585 1 2
11610 585 0 2
90 630 1 2
11610 630 0 2
765 675 1 2
11610 675 0 2
765 720 1 2
11610 720 0 2
765 765 1 2
11610 765 0 2
1440 810 1 2
4185 810 0 2
6390 810 1 2
6660 810 0 2
7740 810 1 2
11610 810 0 2
1440 855 1 2
4185 855 0 2
6390 855 1 2
6660 855 0 2
7740 855 1 2
11610 855 0 2
1440 900 1 2
4185 900 0 2
6390 900 1 2
6660 900 0 2
7740 900 1 2
11610 900 0 2
6390 945 1 2
6660 945 0 2
7740 945 1 2
11610 945 0 2
6390 990 1 2
6660 990 0 2
7740 990 1 2
11610 990 0 2
6390 1035 1 2
6660 1035 0 2
7740 1035 1 2
11610 1035 0 2
6390 1080 1 2
6660 1080 0 2
7740 1080 1 2
11610 1080 0 2
6390 1125 1 2
6660 1125 0 2
7740 1125 1 2
11610 1125 0 2
90 45 1 2
11610 45 0 2
90 90 1 2
11610 90 0 2
90 135 1 2
11610 135 0 2
90 180 1 2
11610 180 0 2
90 225 1 2
11610 225 0 2
90 270 1 2
11610 270 0 2
90 315 1 2
11610 315 0 2
90 360 1 2
11610 360 0 2
90 405 1 2
11610 405 0 2
90 450 1 2
11610 450 0 2
90 495 1 2
11610 495 0 2
90 540 1 2
11610 540 0 2
90 585 1 2
11610 585 0 2
90 630 1 2
11610 630 0 2
765 675 1 2
11610 675 0 2
765 720 1 2
11610 720 0 2
765 765 1 2
11610 765 0 2
1440 810 1 2
4185 810 0 2
6390 810 1 2
6660 810 0 2
7740 810 1 2
11610 810 0 2
1440 855 1 2
4185 855 0 2
6390 855 1 2
6660 855 0 2
7740 855 1 2
11610 855 0 2
1440 900 1 2
4185 900 0 2
6390 900 1 2
6660 900 0 2
7740 900 1 2
11610 900 0 2
6390 945 1 2
6660 945 0 2
7740 945 1 2
11610 945 0 2
6390 990 1 2
6660 990 0 2
7740 990 1 2
11610 990 0 2
6390 1035 1 2
6660 1035 0 2
7740 1035 1 2
11610 1035 0 2
6390 1080 1 2
6660 1080 0 2
7740 1080 1 2
11610 1080 0 2
6390 1125 1 2
6660 1125 0 2
7740 1125 1 2
11610 1125 0 2
90 45 1 2
11610 45 0 2
90 90 1 2
11610 90 0 2
90 135 1 2
11610 135 0 2
90 180 1 2
11610 180 0 2
90 225 1 2
11610 225 0 2
90 270 1 2
11610 270 0 2
90 315 1 2
11610 315 0 2
90 360 1 2
11610 360 0 2
90 405 1 2
11610 405 0 2
90 450 1 2
11610 450 0 2
90 495 1 2
11610 495 0 2
90 540 1 2
11610 540 0 2
90 585 1 2
11610 585 0 2
90 630 1 2
11610 630 0 2
765 675 1 2
11610 675 0 2
765 720 1 2
11610 720 0 2
765 765 1 2
11610 765 0 2
1440 810 1 2
4185 810 0 2
6390 810 1 2
6660 810 0 2
7740 810 1 2
11610 810 0 2
1440 855 1 2
4185 855 0 2
6390 855 1 2
6660 855 0 2
7740 855 1 2
11610 855 0 2
1440 900 1 2
4185 900 0 2
6390 900 1 2
6660 900 0 2
7740 900 1 2
11610 900 0 2
6390 945 1 2
6660 945 0 2
7740 945 1 2
11610 945 0 2
6390 990 1 2
6660 990 0 2
7740 990 1 2
11610 990 0 2
6390 1035 1 2
6660 1035 0 2
7740 1035 1 2
11610 1035 0 2
6390 1080 1 2
6660 1080 0 2
7740 1080 1 2
11610 1080 0 2
6390 1125 1 2
6660 1125 0 2
7740 1125 1 2
11610 1125 0 2
90 45 1 2
11610 45 0 2
90 90 1 2
11610 90 0 2
90 135 1 2
11610 135 0 2
90 180 1 2
11610 180 0 2
90 225 1 2
11610 225 0 2
90 270 1 2
11610 270 0 2
90 315 1 2
11610 315 0 2
90 360 1 2
11610 360 0 2
90 405 1 2
11610 405 0 2
90 450 1 2
11610 450 0 2
90 495 1 2
11610 495 0 2
90 540 1 2
11610 540 0 2
90 585 1 2
11610 585 0 2
90 630 1 2
11610 630 0 2
765 675 1 2
11610 675 0 2
765 720 1 2
11610 720 0 2
765 765 1 2
11610 765 0 2
1440 810 1 2
4185 810 0 2
6390 810 1 2
6660 810 0 2
7740 810 1 2
11610 810 0 2
1440 855 1 2
4185 855 0 2
6390 855 1 2
6660 855 0 2
7740 855 1 2
11610 855 0 2
1440 900 1 2
4185 900 0 2
6390 900 1 2
6660 900 0 2
7740 900 1 2
11610 900 0 2
6390 945 1 2
6660 945 0 2
7740 945 1 2
11610 945 0 2
6390 990 1 2
6660 990 0 2
7740 990 1 2
11610 990 0 2
6390 1035 1 2
6660 1035 0 2
7740 1035 1 2
11610 1035 0 2
6390 1080 1 2
6660 1080 0 2
7740 1080 1 2
11610 1080 0 2
6390 1125 1 2
6660 1125 0 2
7740 1125 1 2
11610 1125 0 2
90 45 1 2
11610 45 0 2
90 90 1 2
11610 90 0 2
90 135 1 2
11610 135 0 2
90 180 1 2
11610 180 0 2
90 225 1 2
11610 225 0 2
90 270 1 2
11610 270 0 2
90 315 1 2
11610 315 0 2
90 360 1 2
11610 360 0 2
90 405 1 2
11610 405 0 2
90 450 1 2
11610 450 0 2
90 495 1 2
11610 495 0 2
90 540 1 2
11610 540 0 2
90 585 1 2
11610 585 0 2
90 630 1 2
11610 630 0 2
765 675 1 2
11610 675 0 2
765 720 1 2
11610 720 0 2
765 765 1 2
11610 765 0 2
1440 810 1 2
4185 810 0 2
6390 810 1 2
6660 810 0 2
7740 810 1 2
11610 810 0 2
1440 855 1 2
4185 855 0 2
6390 855 1 2
6660 855 0 2
7740 855 1 2
11610 855 0 2
1440 900 1 2
4185 900 0 2
6390 900 1 2
6660 900 0 2
7740 900 1 2
11610 900 0 2
6390 945 1 2
6660 945 0 2
7740 945 1 2
11610 945 0 2
6390 990 1 2
6660 990 0 2
7740 990 1 2
11610 990 0 2
6390 1035 1 2
6660 1035 0 2
7740 1035 1 2
11610 1035 0 2
6390 1080 1 2
6660 1080 0 2
7740 1080 1 2
11610 1080 0 2
6390 1125 1 2
6660 1125 0 2
7740 1125 1 2
11610 1125 0 2
90 45 1 2
11610 45 0 2
90 90 1 2
11610 90 0 2
90 135 1 2
11610 135 0 2
90 180 1 2
11610 180 0 2
90 225 1 2
11610 225 0 2
90 270 1 2
11610 270 0 2
90 315 1 2
11610 315 0 2
90 360 1 2
11610 360 0 2
90 405 1 2
11610 405 0 2
90 450 1 2
11610 450 0 2
90 495 1 2
11610 495 0 2
90 540 1 2
11610 540 0 2
90 585 1 2
11610 585 0 2
90 630 1 2
11610 630 0 2
765 675 1 2
11610 675 0 2
765 720 1 2
11610 720 0 2
765 765 1 2
11610 765 0 2
1440 810 1 2
4185 810 0 2
6390 810 1 2
6660 810 0 2
7740 810 1 2
11610 810 0 2
1440 855 1 2
4185 855 0 2
6390 855 1 2
6660 855 0 2
7740 855 1 2
11610 855 0 2
1440 900 1 2
4185 900 0 2
6390 900 1 2
6660 900 0 2
7740 900 1 2
11610 900 0 2
6390 945 1 2
6660 945 0 2
7740 945 1 2
11610 945 0 2
6390 990 1 2
6660 990 0 2
7740 990 1 2
11610 990 0 2
6390 1035 1 2
6660 1035 0 2
7740 1035 1 2
11610 1035 0 2
6390 1080 1 2
6660 1080 0 2
7740 1080 1 2
11610 1080 0 2
6390 1125 1 2
6660 1125 0 2
7740 1125 1 2
11610 1125 0 2
90 45 1 2
11610 45 0 2
90 90 1 2
11610 90 0 2
90 135 1 2
11610 135 0 2
90 180 1 2
11610 180 0 2
90 225 1 2
11610 225 0 2
90 270 1 2
11610 270 0 2
90 315 1 2
11610 315 0 2
90 360 1 2
11610 360 0 2
90 405 1 2
11610 405 0 2
90 450 1 2
11610 450 0 2
90 495 1 2
11610 495 0 2
90 540 1 2
11610 540 0 2
90 585 1 2
11610 585 0 2
90 630 1 2
11610 630 0 2
765 675 1 2
11610 675 0 2
765 720 1 2
11610 720 0 2
765 765 1 2
11610 765 0 2
1440 810 1 2
4185 810 0 2
6390 810 1 2
6660 810 0 2
7740 810 1 2
11610 810 0 2
1440 855 1 2
4185 855 0 2
6390 855 1 2
6660 855 0 2
7740 855 1 2
11610 855 0 2
1440 900 1 2
4185 900 0 2
6390 900 1 2
6660 900 0 2
7740 900 1 2
11610 900 0 2
6390 945 1 2
6660 945 0 2
7740 945 1 2
11610 945 0 2
6390 990 1 2
6660 990 0 2
7740 990 1 2
11610 990 0 2
6390 1035 1 2
6660 1035 0 2
7740 1035 1 2
11610 1035 0 2
6390 1080 1 2
6660 1080 0 2
7740 1080 1 2
11610 1080 0 2
6390 1125 1 2
6660 1125 0 2
7740 1125 1 2
11610 1125 0 2
90 45 1 2
11610 45 0 2
90 90 1 2
11610 90 0 2
90 135 1 2
11610 135 0 2
90 180 1 2
11610 180 0 2
90 225 1 2
11610 225 0 2
90 270 1 2
11610 270 0 2
90 315 1 2
11610 315 0 2
90 360 1 2
11610 360 0 2
90 405 1 2
11610 405 0 2
90 450 1 2
11610 450 0 2
90 495 1 2
11610 495 0 2
90 540 1 2
11610 540 0 2
90 585 1 2
11610 585 0 2
90 630 1 2
11610 630 0 2
765 675 1 2
11610 675 0 2
765 720 1 2
11610 720 0 2
765 765 1 2
11610 765 0 2
1440 810 1 2
4185 810 0 2
6390 810 1 2
6660 810 0 2
7740 810 1 2
11610 810 0 2
1440 855 1 2
4185 855 0 2
6390 855 1 2
6660 855 0 2
7740 855 1 2
11610 855 0 2
1440 900 1 2
4185 900 0 2
6390 900 1 2
6660 900 0 2
7740 900 1 2
11610 900 0 2
6390 945 1 2
6660 945 0 2
7740 945 1 2
11610 945 0 2
6390 990 1 2
6660 990 0 2
7740 990 1 2
11610 990 0 2
6390 1035 1 2
6660 1035 0 2
7740 1035 1 2
11610 1035 0 2
6390 1080 1 2
6660 1080 0 2
7740 1080 1 2
11610 1080 0 2
6390 1125 1 2
6660 1125 0 2
7740 1125 1 2
11610 1125 0 2
90 45 1 2
11610 45 0 2
90 90 1 2
11610 90 0 2
90 135 1 2
11610 135 0 2
90 180 1 2
11610 180 0 2
90 225 1 2
11610 225 0 2
90 270 1 2
11610 270 0 2
90 315 1 2
11610 315 0 2
90 360 1 2
11610 360 0 2
90 405 1 2
11610 405 0 2
90 450 1 2
11610 450 0 2
90 495 1 2
11610 495 0 2
90 540 1 2
11610 540 0 2
90 585 1 2
11610 585 0 2
90 630 1 2
11610 630 0 2
765 675 1 2
11610 675 0 2
765 720 1 2
11610 720 0 2
765 765 1 2
11610 765 0 2
1440 810 1 2
4185 810 0 2
6390 810 1 2
6660 810 0 2
7740 810 1 2
11610 810 0 2
1440 855 1 2
4185 855 0 2
6390 855 1 2
6660 855 0 2
7740 855 1 2
11610 855 0 2
1440 900 1 2
4185 900 0 2
6390 900 1 2
6660 900 0 2
7740 900 1 2
11610 900 0 2
6390 945 1 2
6660 945 0 2
7740 945 1 2
11610 945 0 2
6390 990 1 2
6660 990 0 2
7740 990 1 2
11610 990 0 2
6390 1035 1 2
6660 1035 0 2
7740 1035 1 2
11610 1035 0 2
6390 1080 1 2
6660 1080 0 2
7740 1080 1 2
11610 1080 0 2
6390 1125 1 2
6660 1125 0 2
7740 1125 1 2
11610 1125 0 2
