12375 720 1
12600 720 1
13050 720 1
13275 720 1
6750 855 1
6975 855 1
7200 855 1
7425 855 1
7650 855 1
7875 855 1
8100 855 1
8325 855 1
8550 855 1
8775 855 1
9000 855 1
9450 855 1
9675 855 1
9900 855 1
10350 855 1
10575 855 1
10800 855 1
11250 855 1
11475 855 1
11700 855 1
12150 855 1
12375 855 1
12600 855 1
13050 855 1
13275 855 1
13500 855 1
13725 855 1
13950 855 1
14175 855 1
14400 855 1
14625 855 1
14850 855 1
15075 855 1
15300 855 1
15525 855 1
15750 855 1
15975 855 1
16200 855 1
16425 855 1
16650 855 1
16875 855 1
17100 855 1
17325 855 1
225 900 1
450 900 1
675 900 1
900 900 1
9225 900 1
9450 900 1
9675 900 1
9900 900 1
10125 900 1
10350 900 1
10575 900 1
10800 900 1
11025 900 1
11250 900 1
11475 900 1
11700 900 1
11925 900 1
12150 900 1
12375 900 1
12600 900 1
12825 900 1
13050 900 1
4725 990 1
4950 990 1
5175 990 1
5400 990 1
5625 990 1
5850 990 1
6075 990 1
6300 990 1
6525 990 1
1125 1080 1
1350 1080 1
1575 1080 1
2025 1080 1
2475 1080 1
2700 1080 1
2925 1080 1
3150 1080 1
3600 1080 1
3825 1080 1
4050 1080 1
4275 1080 1
1800 1125 1
2250 1125 1
3375 1125 1
4500 1125 1
12375 720 1
12600 720 1
13050 720 1
13275 720 1
6750 855 1
6975 855 1
7200 855 1
7425 855 1
7650 855 1
7875 855 1
8100 855 1
8325 855 1
8550 855 1
8775 855 1
9000 855 1
9450 855 1
9675 855 1
9900 855 1
10350 855 1
10575 855 1
10800 855 1
11250 855 1
11475 855 1
11700 855 1
12150 855 1
12375 855 1
12600 855 1
13050 855 1
13275 855 1
13500 855 1
13725 855 1
13950 855 1
14175 855 1
14400 855 1
14625 855 1
14850 855 1
15075 855 1
15300 855 1
15525 855 1
15750 855 1
15975 855 1
16200 855 1
16425 855 1
16650 855 1
16875 855 1
17100 855 1
17325 855 1
225 900 1
450 900 1
675 900 1
900 900 1
9225 900 1
9450 900 1
9675 900 1
9900 900 1
10125 900 1
10350 900 1
10575 900 1
10800 900 1
11025 900 1
11250 900 1
11475 900 1
11700 900 1
11925 900 1
12150 900 1
12375 900 1
12600 900 1
12825 900 1
13050 900 1
4725 990 1
4950 990 1
5175 990 1
5400 990 1
5625 990 1
5850 990 1
6075 990 1
6300 990 1
6525 990 1
1125 1080 1
1350 1080 1
1575 1080 1
2025 1080 1
2475 1080 1
2700 1080 1
2925 1080 1
3150 1080 1
3600 1080 1
3825 1080 1
4050 1080 1
4275 1080 1
1800 1125 1
2250 1125 1
3375 1125 1
4500 1125 1
12375 720 1
12600 720 1
13050 720 1
13275 720 1
6750 855 1
6975 855 1
7200 855 1
7425 855 1
7650 855 1
7875 855 1
8100 855 1
8325 855 1
8550 855 1
8775 855 1
9000 855 1
9450 855 1
9675 855 1
9900 855 1
10350 855 1
10575 855 1
10800 855 1
11250 855 1
11475 855 1
11700 855 1
12150 855 1
12375 855 1
12600 855 1
13050 855 1
13275 855 1
13500 855 1
13725 855 1
13950 855 1
14175 855 1
14400 855 1
14625 855 1
14850 855 1
15075 855 1
15300 855 1
15525 855 1
15750 855 1
15975 855 1
16200 855 1
16425 855 1
16650 855 1
16875 855 1
17100 855 1
17325 855 1
225 900 1
450 900 1
675 900 1
900 900 1
9225 900 1
9450 900 1
9675 900 1
9900 900 1
10125 900 1
10350 900 1
10575 900 1
10800 900 1
11025 900 1
11250 900 1
11475 900 1
11700 900 1
11925 900 1
12150 900 1
12375 900 1
12600 900 1
12825 900 1
13050 900 1
4725 990 1
4950 990 1
5175 990 1
5400 990 1
5625 990 1
5850 990 1
6075 990 1
6300 990 1
6525 990 1
1125 1080 1
1350 1080 1
1575 1080 1
2025 1080 1
2475 1080 1
2700 1080 1
2925 1080 1
3150 1080 1
3600 1080 1
3825 1080 1
4050 1080 1
4275 1080 1
1800 1125 1
2250 1125 1
3375 1125 1
4500 1125 1
12375 720 1
12600 720 1
13050 720 1
13275 720 1
6750 855 1
6975 855 1
7200 855 1
7425 855 1
7650 855 1
7875 855 1
8100 855 1
8325 855 1
8550 855 1
8775 855 1
9000 855 1
9450 855 1
9675 855 1
9900 855 1
10350 855 1
10575 855 1
10800 855 1
11250 855 1
11475 855 1
11700 855 1
12150 855 1
12375 855 1
12600 855 1
13050 855 1
13275 855 1
13500 855 1
13725 855 1
13950 855 1
14175 855 1
14400 855 1
14625 855 1
14850 855 1
15075 855 1
15300 855 1
15525 855 1
15750 855 1
15975 855 1
16200 855 1
16425 855 1
16650 855 1
16875 855 1
17100 855 1
17325 855 1
225 900 1
450 900 1
675 900 1
900 900 1
9225 900 1
9450 900 1
9675 900 1
9900 900 1
10125 900 1
10350 900 1
10575 900 1
10800 900 1
11025 900 1
11250 900 1
11475 900 1
11700 900 1
11925 900 1
12150 900 1
12375 900 1
12600 900 1
12825 900 1
13050 900 1
4725 990 1
4950 990 1
5175 990 1
5400 990 1
5625 990 1
5850 990 1
6075 990 1
6300 990 1
6525 990 1
1125 1080 1
1350 1080 1
1575 1080 1
2025 1080 1
2475 1080 1
2700 1080 1
2925 1080 1
3150 1080 1
3600 1080 1
3825 1080 1
4050 1080 1
4275 1080 1
1800 1125 1
2250 1125 1
3375 1125 1
4500 1125 1
12375 720 1
12600 720 1
13050 720 1
13275 720 1
6750 855 1
6975 855 1
7200 855 1
7425 855 1
7650 855 1
7875 855 1
8100 855 1
8325 855 1
8550 855 1
8775 855 1
9000 855 1
9450 855 1
9675 855 1
9900 855 1
10350 855 1
10575 855 1
10800 855 1
11250 855 1
11475 855 1
11700 855 1
12150 855 1
12375 855 1
12600 855 1
13050 855 1
13275 855 1
13500 855 1
13725 855 1
13950 855 1
14175 855 1
14400 855 1
14625 855 1
14850 855 1
15075 855 1
15300 855 1
15525 855 1
15750 855 1
15975 855 1
16200 855 1
16425 855 1
16650 855 1
16875 855 1
17100 855 1
17325 855 1
225 900 1
450 900 1
675 900 1
900 900 1
9225 900 1
9450 900 1
9675 900 1
9900 900 1
10125 900 1
10350 900 1
10575 900 1
10800 900 1
11025 900 1
11250 900 1
11475 900 1
11700 900 1
11925 900 1
12150 900 1
12375 900 1
12600 900 1
12825 900 1
13050 900 1
4725 990 1
4950 990 1
5175 990 1
5400 990 1
5625 990 1
5850 990 1
6075 990 1
6300 990 1
6525 990 1
1125 1080 1
1350 1080 1
1575 1080 1
2025 1080 1
2475 1080 1
2700 1080 1
2925 1080 1
3150 1080 1
3600 1080 1
3825 1080 1
4050 1080 1
4275 1080 1
1800 1125 1
2250 1125 1
3375 1125 1
4500 1125 1
12375 720 1
12600 720 1
13050 720 1
13275 720 1
6750 855 1
6975 855 1
7200 855 1
7425 855 1
7650 855 1
7875 855 1
8100 855 1
8325 855 1
8550 855 1
8775 855 1
9000 855 1
9450 855 1
9675 855 1
9900 855 1
10350 855 1
10575 855 1
10800 855 1
11250 855 1
11475 855 1
11700 855 1
12150 855 1
12375 855 1
12600 855 1
13050 855 1
13275 855 1
13500 855 1
13725 855 1
13950 855 1
14175 855 1
14400 855 1
14625 855 1
14850 855 1
15075 855 1
15300 855 1
15525 855 1
15750 855 1
15975 855 1
16200 855 1
16425 855 1
16650 855 1
16875 855 1
17100 855 1
17325 855 1
225 900 1
450 900 1
675 900 1
900 900 1
9225 900 1
9450 900 1
9675 900 1
9900 900 1
10125 900 1
10350 900 1
10575 900 1
10800 900 1
11025 900 1
11250 900 1
11475 900 1
11700 900 1
11925 900 1
12150 900 1
12375 900 1
12600 900 1
12825 900 1
13050 900 1
4725 990 1
4950 990 1
5175 990 1
5400 990 1
5625 990 1
5850 990 1
6075 990 1
6300 990 1
6525 990 1
1125 1080 1
1350 1080 1
1575 1080 1
2025 1080 1
2475 1080 1
2700 1080 1
2925 1080 1
3150 1080 1
3600 1080 1
3825 1080 1
4050 1080 1
4275 1080 1
1800 1125 1
2250 1125 1
3375 1125 1
4500 1125 1
12375 720 1
12600 720 1
13050 720 1
13275 720 1
6750 855 1
6975 855 1
7200 855 1
7425 855 1
7650 855 1
7875 855 1
8100 855 1
8325 855 1
8550 855 1
8775 855 1
9000 855 1
9450 855 1
9675 855 1
9900 855 1
10350 855 1
10575 855 1
10800 855 1
11250 855 1
11475 855 1
11700 855 1
12150 855 1
12375 855 1
12600 855 1
13050 855 1
13275 855 1
13500 855 1
13725 855 1
13950 855 1
14175 855 1
14400 855 1
14625 855 1
14850 855 1
15075 855 1
15300 855 1
15525 855 1
15750 855 1
15975 855 1
16200 855 1
16425 855 1
16650 855 1
16875 855 1
17100 855 1
17325 855 1
225 900 1
450 900 1
675 900 1
900 900 1
9225 900 1
9450 900 1
9675 900 1
9900 900 1
10125 900 1
10350 900 1
10575 900 1
10800 900 1
11025 900 1
11250 900 1
11475 900 1
11700 900 1
11925 900 1
12150 900 1
12375 900 1
12600 900 1
12825 900 1
13050 900 1
4725 990 1
4950 990 1
5175 990 1
5400 990 1
5625 990 1
5850 990 1
6075 990 1
6300 990 1
6525 990 1
1125 1080 1
1350 1080 1
1575 1080 1
2025 1080 1
2475 1080 1
2700 1080 1
2925 1080 1
3150 1080 1
3600 1080 1
3825 1080 1
4050 1080 1
4275 1080 1
1800 1125 1
2250 1125 1
3375 1125 1
4500 1125 1
225 630 2
450 630 2
675 630 2
900 765 2
1125 765 2
1350 765 2
4275 765 2
4500 765 2
4725 765 2
5175 765 2
5625 765 2
6075 765 2
6300 765 2
6750 765 2
6975 765 2
7200 765 2
7425 765 2
7650 765 2
4950 810 2
5400 810 2
5850 810 2
1575 900 2
1800 900 2
2025 900 2
2250 900 2
2700 900 2
2925 900 2
3150 900 2
3375 900 2
3825 900 2
4050 900 2
2475 945 2
3600 945 2
6525 1125 2
7875 1125 2
8100 1125 2
8325 1125 2
8550 1125 2
8775 1125 2
9000 1125 2
9225 1125 2
9450 1125 2
9675 1125 2
9900 1125 2
10125 1125 2
10350 1125 2
10575 1125 2
10800 1125 2
11025 1125 2
11250 1125 2
11475 1125 2
225 630 2
450 630 2
675 630 2
900 765 2
1125 765 2
1350 765 2
4275 765 2
4500 765 2
4725 765 2
5175 765 2
5625 765 2
6075 765 2
6300 765 2
6750 765 2
6975 765 2
7200 765 2
7425 765 2
7650 765 2
4950 810 2
5400 810 2
5850 810 2
1575 900 2
1800 900 2
2025 900 2
2250 900 2
2700 900 2
2925 900 2
3150 900 2
3375 900 2
3825 900 2
4050 900 2
2475 945 2
3600 945 2
6525 1125 2
7875 1125 2
8100 1125 2
8325 1125 2
8550 1125 2
8775 1125 2
9000 1125 2
9225 1125 2
9450 1125 2
9675 1125 2
9900 1125 2
10125 1125 2
10350 1125 2
10575 1125 2
10800 1125 2
11025 1125 2
11250 1125 2
11475 1125 2
225 630 2
450 630 2
675 630 2
900 765 2
1125 765 2
1350 765 2
4275 765 2
4500 765 2
4725 765 2
5175 765 2
5625 765 2
6075 765 2
6300 765 2
6750 765 2
6975 765 2
7200 765 2
7425 765 2
7650 765 2
4950 810 2
5400 810 2
5850 810 2
1575 900 2
1800 900 2
2025 900 2
2250 900 2
2700 900 2
2925 900 2
3150 900 2
3375 900 2
3825 900 2
4050 900 2
2475 945 2
3600 945 2
6525 1125 2
7875 1125 2
8100 1125 2
8325 1125 2
8550 1125 2
8775 1125 2
9000 1125 2
9225 1125 2
9450 1125 2
9675 1125 2
9900 1125 2
10125 1125 2
10350 1125 2
10575 1125 2
10800 1125 2
11025 1125 2
11250 1125 2
11475 1125 2
225 630 2
450 630 2
675 630 2
900 765 2
1125 765 2
1350 765 2
4275 765 2
4500 765 2
4725 765 2
5175 765 2
5625 765 2
6075 765 2
6300 765 2
6750 765 2
6975 765 2
7200 765 2
7425 765 2
7650 765 2
4950 810 2
5400 810 2
5850 810 2
1575 900 2
1800 900 2
2025 900 2
2250 900 2
2700 900 2
2925 900 2
3150 900 2
3375 900 2
3825 900 2
4050 900 2
2475 945 2
3600 945 2
6525 1125 2
7875 1125 2
8100 1125 2
8325 1125 2
8550 1125 2
8775 1125 2
9000 1125 2
9225 1125 2
9450 1125 2
9675 1125 2
9900 1125 2
10125 1125 2
10350 1125 2
10575 1125 2
10800 1125 2
11025 1125 2
11250 1125 2
11475 1125 2
225 630 2
450 630 2
675 630 2
900 765 2
1125 765 2
1350 765 2
4275 765 2
4500 765 2
4725 765 2
5175 765 2
5625 765 2
6075 765 2
6300 765 2
6750 765 2
6975 765 2
7200 765 2
7425 765 2
7650 765 2
4950 810 2
5400 810 2
5850 810 2
1575 900 2
1800 900 2
2025 900 2
2250 900 2
2700 900 2
2925 900 2
3150 900 2
3375 900 2
3825 900 2
4050 900 2
2475 945 2
3600 945 2
6525 1125 2
7875 1125 2
8100 1125 2
8325 1125 2
8550 1125 2
8775 1125 2
9000 1125 2
9225 1125 2
9450 1125 2
9675 1125 2
9900 1125 2
10125 1125 2
10350 1125 2
10575 1125 2
10800 1125 2
11025 1125 2
11250 1125 2
11475 1125 2
225 630 2
450 630 2
675 630 2
900 765 2
1125 765 2
1350 765 2
4275 765 2
4500 765 2
4725 765 2
5175 765 2
5625 765 2
6075 765 2
6300 765 2
6750 765 2
6975 765 2
7200 765 2
7425 765 2
7650 765 2
4950 810 2
5400 810 2
5850 810 2
1575 900 2
1800 900 2
2025 900 2
2250 900 2
2700 900 2
2925 900 2
3150 900 2
3375 900 2
3825 900 2
4050 900 2
2475 945 2
3600 945 2
6525 1125 2
7875 1125 2
8100 1125 2
8325 1125 2
8550 1125 2
8775 1125 2
9000 1125 2
9225 1125 2
9450 1125 2
9675 1125 2
9900 1125 2
10125 1125 2
10350 1125 2
10575 1125 2
10800 1125 2
11025 1125 2
11250 1125 2
11475 1125 2
225 630 2
450 630 2
675 630 2
900 765 2
1125 765 2
1350 765 2
4275 765 2
4500 765 2
4725 765 2
5175 765 2
5625 765 2
6075 765 2
6300 765 2
6750 765 2
6975 765 2
7200 765 2
7425 765 2
7650 765 2
4950 810 2
5400 810 2
5850 810 2
1575 900 2
1800 900 2
2025 900 2
2250 900 2
2700 900 2
2925 900 2
3150 900 2
3375 900 2
3825 900 2
4050 900 2
2475 945 2
3600 945 2
6525 1125 2
7875 1125 2
8100 1125 2
8325 1125 2
8550 1125 2
8775 1125 2
9000 1125 2
9225 1125 2
9450 1125 2
9675 1125 2
9900 1125 2
10125 1125 2
10350 1125 2
10575 1125 2
10800 1125 2
11025 1125 2
11250 1125 2
11475 1125 2
225 630 2
450 630 2
675 630 2
900 765 2
1125 765 2
1350 765 2
4275 765 2
4500 765 2
4725 765 2
5175 765 2
5625 765 2
6075 765 2
6300 765 2
6750 765 2
6975 765 2
7200 765 2
7425 765 2
7650 765 2
4950 810 2
5400 810 2
5850 810 2
1575 900 2
1800 900 2
2025 900 2
2250 900 2
2700 900 2
2925 900 2
3150 900 2
3375 900 2
3825 900 2
4050 900 2
2475 945 2
3600 945 2
6525 1125 2
7875 1125 2
8100 1125 2
8325 1125 2
8550 1125 2
8775 1125 2
9000 1125 2
9225 1125 2
9450 1125 2
9675 1125 2
9900 1125 2
10125 1125 2
10350 1125 2
10575 1125 2
10800 1125 2
11025 1125 2
11250 1125 2
11475 1125 2
225 630 2
450 630 2
675 630 2
900 765 2
1125 765 2
1350 765 2
4275 765 2
4500 765 2
4725 765 2
5175 765 2
5625 765 2
6075 765 2
6300 765 2
6750 765 2
6975 765 2
7200 765 2
7425 765 2
7650 765 2
4950 810 2
5400 810 2
5850 810 2
1575 900 2
1800 900 2
2025 900 2
2250 900 2
2700 900 2
2925 900 2
3150 900 2
3375 900 2
3825 900 2
4050 900 2
2475 945 2
3600 945 2
6525 1125 2
7875 1125 2
8100 1125 2
8325 1125 2
8550 1125 2
8775 1125 2
9000 1125 2
9225 1125 2
9450 1125 2
9675 1125 2
9900 1125 2
10125 1125 2
10350 1125 2
10575 1125 2
10800 1125 2
11025 1125 2
11250 1125 2
11475 1125 2
225 630 2
450 630 2
675 630 2
900 765 2
1125 765 2
1350 765 2
4275 765 2
4500 765 2
4725 765 2
5175 765 2
5625 765 2
6075 765 2
6300 765 2
6750 765 2
6975 765 2
7200 765 2
7425 765 2
7650 765 2
4950 810 2
5400 810 2
5850 810 2
1575 900 2
1800 900 2
2025 900 2
2250 900 2
2700 900 2
2925 900 2
3150 900 2
3375 900 2
3825 900 2
4050 900 2
2475 945 2
3600 945 2
6525 1125 2
7875 1125 2
8100 1125 2
8325 1125 2
8550 1125 2
8775 1125 2
9000 1125 2
9225 1125 2
9450 1125 2
9675 1125 2
9900 1125 2
10125 1125 2
10350 1125 2
10575 1125 2
10800 1125 2
11025 1125 2
11250 1125 2
11475 1125 2
225 630 2
450 630 2
675 630 2
900 765 2
1125 765 2
1350 765 2
4275 765 2
4500 765 2
4725 765 2
5175 765 2
5625 765 2
6075 765 2
6300 765 2
6750 765 2
6975 765 2
7200 765 2
7425 765 2
7650 765 2
4950 810 2
5400 810 2
5850 810 2
1575 900 2
1800 900 2
2025 900 2
2250 900 2
2700 900 2
2925 900 2
3150 900 2
3375 900 2
3825 900 2
4050 900 2
2475 945 2
3600 945 2
6525 1125 2
7875 1125 2
8100 1125 2
8325 1125 2
8550 1125 2
8775 1125 2
9000 1125 2
9225 1125 2
9450 1125 2
9675 1125 2
9900 1125 2
10125 1125 2
10350 1125 2
10575 1125 2
10800 1125 2
11025 1125 2
11250 1125 2
11475 1125 2
225 630 2
450 630 2
675 630 2
900 765 2
1125 765 2
1350 765 2
4275 765 2
4500 765 2
4725 765 2
5175 765 2
5625 765 2
6075 765 2
6300 765 2
6750 765 2
6975 765 2
7200 765 2
7425 765 2
7650 765 2
4950 810 2
5400 810 2
5850 810 2
1575 900 2
1800 900 2
2025 900 2
2250 900 2
2700 900 2
2925 900 2
3150 900 2
3375 900 2
3825 900 2
4050 900 2
2475 945 2
3600 945 2
6525 1125 2
7875 1125 2
8100 1125 2
8325 1125 2
8550 1125 2
8775 1125 2
9000 1125 2
9225 1125 2
9450 1125 2
9675 1125 2
9900 1125 2
10125 1125 2
10350 1125 2
10575 1125 2
10800 1125 2
11025 1125 2
11250 1125 2
11475 1125 2
225 630 2
450 630 2
675 630 2
900 765 2
1125 765 2
1350 765 2
4275 765 2
4500 765 2
4725 765 2
5175 765 2
5625 765 2
6075 765 2
6300 765 2
6750 765 2
6975 765 2
7200 765 2
7425 765 2
7650 765 2
4950 810 2
5400 810 2
5850 810 2
1575 900 2
1800 900 2
2025 900 2
2250 900 2
2700 900 2
2925 900 2
3150 900 2
3375 900 2
3825 900 2
4050 900 2
2475 945 2
3600 945 2
6525 1125 2
7875 1125 2
8100 1125 2
8325 1125 2
8550 1125 2
8775 1125 2
9000 1125 2
9225 1125 2
9450 1125 2
9675 1125 2
9900 1125 2
10125 1125 2
10350 1125 2
10575 1125 2
10800 1125 2
11025 1125 2
11250 1125 2
11475 1125 2
225 630 2
450 630 2
675 630 2
900 765 2
1125 765 2
1350 765 2
4275 765 2
4500 765 2
4725 765 2
5175 765 2
5625 765 2
6075 765 2
6300 765 2
6750 765 2
6975 765 2
7200 765 2
7425 765 2
7650 765 2
4950 810 2
5400 810 2
5850 810 2
1575 900 2
1800 900 2
2025 900 2
2250 900 2
2700 900 2
2925 900 2
3150 900 2
3375 900 2
3825 900 2
4050 900 2
2475 945 2
3600 945 2
6525 1125 2
7875 1125 2
8100 1125 2
8325 1125 2
8550 1125 2
8775 1125 2
9000 1125 2
9225 1125 2
9450 1125 2
9675 1125 2
9900 1125 2
10125 1125 2
10350 1125 2
10575 1125 2
10800 1125 2
11025 1125 2
11250 1125 2
11475 1125 2
225 630 2
450 630 2
675 630 2
900 765 2
1125 765 2
1350 765 2
4275 765 2
4500 765 2
4725 765 2
5175 765 2
5625 765 2
6075 765 2
6300 765 2
6750 765 2
6975 765 2
7200 765 2
7425 765 2
7650 765 2
4950 810 2
5400 810 2
5850 810 2
1575 900 2
1800 900 2
2025 900 2
2250 900 2
2700 900 2
2925 900 2
3150 900 2
3375 900 2
3825 900 2
4050 900 2
2475 945 2
3600 945 2
6525 1125 2
7875 1125 2
8100 1125 2
8325 1125 2
8550 1125 2
8775 1125 2
9000 1125 2
9225 1125 2
9450 1125 2
9675 1125 2
9900 1125 2
10125 1125 2
10350 1125 2
10575 1125 2
10800 1125 2
11025 1125 2
11250 1125 2
11475 1125 2
225 630 2
450 630 2
675 630 2
900 765 2
1125 765 2
1350 765 2
4275 765 2
4500 765 2
4725 765 2
5175 765 2
5625 765 2
6075 765 2
6300 765 2
6750 765 2
6975 765 2
7200 765 2
7425 765 2
7650 765 2
4950 810 2
5400 810 2
5850 810 2
1575 900 2
1800 900 2
2025 900 2
2250 900 2
2700 900 2
2925 900 2
3150 900 2
3375 900 2
3825 900 2
4050 900 2
2475 945 2
3600 945 2
6525 1125 2
7875 1125 2
8100 1125 2
8325 1125 2
8550 1125 2
8775 1125 2
9000 1125 2
9225 1125 2
9450 1125 2
9675 1125 2
9900 1125 2
10125 1125 2
10350 1125 2
10575 1125 2
10800 1125 2
11025 1125 2
11250 1125 2
11475 1125 2
